--- Evaluating Bert + Linear Regression Model ---
Thr    | Acc      | F1       | Prec     | Rec      | AUC     
------------------------------------------------------------
0.10   | 0.1051   | 0.1901   | 0.1050   | 1.0000   | 0.5784
0.15   | 0.1052   | 0.1901   | 0.1050   | 1.0000   | 0.5784
0.20   | 0.1061   | 0.1899   | 0.1049   | 0.9978   | 0.5784
0.25   | 0.1111   | 0.1902   | 0.1052   | 0.9942   | 0.5784
0.30   | 0.1302   | 0.1912   | 0.1059   | 0.9791   | 0.5784
0.35   | 0.1854   | 0.1951   | 0.1088   | 0.9402   | 0.5784
0.40   | 0.2863   | 0.1982   | 0.1124   | 0.8402   | 0.5784
0.45   | 0.4402   | 0.2045   | 0.1202   | 0.6854   | 0.5784
0.50   | 0.6065   | 0.2081   | 0.1319   | 0.4924   | 0.5784
0.55   | 0.7438   | 0.1967   | 0.1466   | 0.2988   | 0.5784
0.60   | 0.8306   | 0.1616   | 0.1682   | 0.1555   | 0.5784
0.65   | 0.8681   | 0.1138   | 0.1931   | 0.0806   | 0.5784
0.70   | 0.8843   | 0.0827   | 0.2464   | 0.0497   | 0.5784
0.75   | 0.8906   | 0.0622   | 0.3117   | 0.0346   | 0.5784
0.80   | 0.8926   | 0.0366   | 0.3140   | 0.0194   | 0.5784
0.85   | 0.8937   | 0.0140   | 0.2703   | 0.0072   | 0.5784
0.90   | 0.8947   | 0.0000   | 0.0000   | 0.0000   | 0.5784
------------------------------------------------------------
BEST THRESHOLD: 0.50
Accuracy:  0.6065
F1 Score:  0.2081
Precision: 0.1319
Recall:    0.4924
AUC-ROC:   0.5784
Thr    | Acc      | F1       | Prec     | Rec      | AUC     
------------------------------------------------------------
0.10   | 0.1051   | 0.1901   | 0.1051   | 1.0000   | 0.5848
0.15   | 0.1054   | 0.1902   | 0.1051   | 1.0000   | 0.5848
0.20   | 0.1069   | 0.1905   | 0.1052   | 1.0000   | 0.5848
0.25   | 0.1131   | 0.1912   | 0.1057   | 0.9978   | 0.5848
0.30   | 0.1332   | 0.1926   | 0.1067   | 0.9842   | 0.5848
0.35   | 0.1895   | 0.1979   | 0.1104   | 0.9518   | 0.5848
0.40   | 0.2964   | 0.2031   | 0.1152   | 0.8532   | 0.5848
0.45   | 0.4460   | 0.2089   | 0.1229   | 0.6964   | 0.5848
0.50   | 0.6082   | 0.2081   | 0.1321   | 0.4899   | 0.5848
0.55   | 0.7433   | 0.2002   | 0.1488   | 0.3058   | 0.5848
0.60   | 0.8293   | 0.1699   | 0.1737   | 0.1662   | 0.5848
0.65   | 0.8689   | 0.1295   | 0.2143   | 0.0928   | 0.5848
0.70   | 0.8847   | 0.0884   | 0.2606   | 0.0532   | 0.5848
0.75   | 0.8910   | 0.0612   | 0.3219   | 0.0338   | 0.5848
0.80   | 0.8935   | 0.0408   | 0.3797   | 0.0216   | 0.5848
0.85   | 0.8942   | 0.0113   | 0.3077   | 0.0058   | 0.5848
0.90   | 0.8947   | 0.0029   | 0.2857   | 0.0014   | 0.5848
------------------------------------------------------------
BEST THRESHOLD: 0.45
Accuracy:  0.4460
F1 Score:  0.2089
Precision: 0.1229
Recall:    0.6964
AUC-ROC:   0.5848

Evaluating on Test Set with Best Threshold from Validation: 0.50
Test Accuracy:  0.6082
Test F1 Score:  0.2081
Test Precision: 0.1321
Test Recall:    0.4899
Test AUC-ROC:   0.5848